(kicad_pcb (version 20171130) (host pcbnew "(5.1.6)-1")

  (general
    (thickness 1.6)
    (drawings 47)
    (tracks 261)
    (zones 0)
    (modules 22)
    (nets 1)
  )

  (page A4)
  (layers
    (0 F.Cu signal)
    (31 B.Cu signal)
    (32 B.Adhes user)
    (33 F.Adhes user)
    (34 B.Paste user)
    (35 F.Paste user)
    (36 B.SilkS user)
    (37 F.SilkS user)
    (38 B.Mask user)
    (39 F.Mask user)
    (40 Dwgs.User user)
    (41 Cmts.User user)
    (42 Eco1.User user)
    (43 Eco2.User user)
    (44 Edge.Cuts user)
    (45 Margin user)
    (46 B.CrtYd user)
    (47 F.CrtYd user)
    (48 B.Fab user)
    (49 F.Fab user)
  )

  (setup
    (last_trace_width 3)
    (trace_clearance 0.2)
    (zone_clearance 0.508)
    (zone_45_only no)
    (trace_min 0.2)
    (via_size 1)
    (via_drill 0.4)
    (via_min_size 0.4)
    (via_min_drill 0.3)
    (uvia_size 0.3)
    (uvia_drill 0.1)
    (uvias_allowed no)
    (uvia_min_size 0.2)
    (uvia_min_drill 0.1)
    (edge_width 0.05)
    (segment_width 0.2)
    (pcb_text_width 0.3)
    (pcb_text_size 1.5 1.5)
    (mod_edge_width 0.12)
    (mod_text_size 1 1)
    (mod_text_width 0.15)
    (pad_size 10.16 10.16)
    (pad_drill 3.5)
    (pad_to_mask_clearance 0.05)
    (aux_axis_origin 0 0)
    (visible_elements 7FFFFFFF)
    (pcbplotparams
      (layerselection 0x010fc_ffffffff)
      (usegerberextensions false)
      (usegerberattributes true)
      (usegerberadvancedattributes true)
      (creategerberjobfile true)
      (excludeedgelayer true)
      (linewidth 0.100000)
      (plotframeref false)
      (viasonmask false)
      (mode 1)
      (useauxorigin false)
      (hpglpennumber 1)
      (hpglpenspeed 20)
      (hpglpendiameter 15.000000)
      (psnegative false)
      (psa4output false)
      (plotreference true)
      (plotvalue true)
      (plotinvisibletext false)
      (padsonsilk false)
      (subtractmaskfromsilk false)
      (outputformat 1)
      (mirror false)
      (drillshape 1)
      (scaleselection 1)
      (outputdirectory ""))
  )

  (net 0 "")

  (net_class Default "This is the default net class."
    (clearance 0.2)
    (trace_width 3)
    (via_dia 1)
    (via_drill 0.4)
    (uvia_dia 0.3)
    (uvia_drill 0.1)
  )

  (module Connector_PinHeader_2.00mm:PinHeader_1x03_P2.00mm_Vertical (layer F.Cu) (tedit 59FED667) (tstamp 5F403A49)
    (at 344.67038 166.04742 180)
    (descr "Through hole straight pin header, 1x03, 2.00mm pitch, single row")
    (tags "Through hole pin header THT 1x03 2.00mm single row")
    (fp_text reference REF** (at -0.94996 23.22322) (layer F.SilkS) hide
      (effects (font (size 1 1) (thickness 0.15)))
    )
    (fp_text value PinHeader_1x03_P2.00mm_Vertical (at -3.34772 17.8181) (layer F.Fab) hide
      (effects (font (size 1 1) (thickness 0.15)))
    )
    (fp_line (start 1.5 -1.5) (end -1.5 -1.5) (layer F.CrtYd) (width 0.05))
    (fp_line (start 1.5 5.5) (end 1.5 -1.5) (layer F.CrtYd) (width 0.05))
    (fp_line (start -1.5 5.5) (end 1.5 5.5) (layer F.CrtYd) (width 0.05))
    (fp_line (start -1.5 -1.5) (end -1.5 5.5) (layer F.CrtYd) (width 0.05))
    (fp_line (start -1.06 -1.06) (end 0 -1.06) (layer F.SilkS) (width 0.12))
    (fp_line (start -1.06 0) (end -1.06 -1.06) (layer F.SilkS) (width 0.12))
    (fp_line (start -1.06 1) (end 1.06 1) (layer F.SilkS) (width 0.12))
    (fp_line (start 1.06 1) (end 1.06 5.06) (layer F.SilkS) (width 0.12))
    (fp_line (start -1.06 1) (end -1.06 5.06) (layer F.SilkS) (width 0.12))
    (fp_line (start -1.06 5.06) (end 1.06 5.06) (layer F.SilkS) (width 0.12))
    (fp_line (start -1 -0.5) (end -0.5 -1) (layer F.Fab) (width 0.1))
    (fp_line (start -1 5) (end -1 -0.5) (layer F.Fab) (width 0.1))
    (fp_line (start 1 5) (end -1 5) (layer F.Fab) (width 0.1))
    (fp_line (start 1 -1) (end 1 5) (layer F.Fab) (width 0.1))
    (fp_line (start -0.5 -1) (end 1 -1) (layer F.Fab) (width 0.1))
    (fp_text user %R (at 0 2 90) (layer F.Fab) hide
      (effects (font (size 1 1) (thickness 0.15)))
    )
    (pad 3 thru_hole oval (at 0 4 180) (size 1.35 1.35) (drill 0.8) (layers *.Cu *.Mask))
    (pad 2 thru_hole oval (at 0 2 180) (size 1.35 1.35) (drill 0.8) (layers *.Cu *.Mask))
    (pad 1 thru_hole rect (at 0 0 180) (size 1.35 1.35) (drill 0.8) (layers *.Cu *.Mask))
    (model ${KISYS3DMOD}/Connector_PinHeader_2.00mm.3dshapes/PinHeader_1x03_P2.00mm_Vertical.wrl
      (at (xyz 0 0 0))
      (scale (xyz 1 1 1))
      (rotate (xyz 0 0 0))
    )
  )

  (module Connector_PinHeader_2.00mm:PinHeader_1x03_P2.00mm_Vertical (layer F.Cu) (tedit 59FED667) (tstamp 5F403A33)
    (at 362.12018 165.8493 180)
    (descr "Through hole straight pin header, 1x03, 2.00mm pitch, single row")
    (tags "Through hole pin header THT 1x03 2.00mm single row")
    (fp_text reference "" (at -1.35128 23.71344) (layer F.SilkS) hide
      (effects (font (size 1 1) (thickness 0.15)))
    )
    (fp_text value PinHeader_1x03_P2.00mm_Vertical (at 2.29108 15.70228) (layer F.Fab) hide
      (effects (font (size 1 1) (thickness 0.15)))
    )
    (fp_line (start 1.5 -1.5) (end -1.5 -1.5) (layer F.CrtYd) (width 0.05))
    (fp_line (start 1.5 5.5) (end 1.5 -1.5) (layer F.CrtYd) (width 0.05))
    (fp_line (start -1.5 5.5) (end 1.5 5.5) (layer F.CrtYd) (width 0.05))
    (fp_line (start -1.5 -1.5) (end -1.5 5.5) (layer F.CrtYd) (width 0.05))
    (fp_line (start -1.06 -1.06) (end 0 -1.06) (layer F.SilkS) (width 0.12))
    (fp_line (start -1.06 0) (end -1.06 -1.06) (layer F.SilkS) (width 0.12))
    (fp_line (start -1.06 1) (end 1.06 1) (layer F.SilkS) (width 0.12))
    (fp_line (start 1.06 1) (end 1.06 5.06) (layer F.SilkS) (width 0.12))
    (fp_line (start -1.06 1) (end -1.06 5.06) (layer F.SilkS) (width 0.12))
    (fp_line (start -1.06 5.06) (end 1.06 5.06) (layer F.SilkS) (width 0.12))
    (fp_line (start -1 -0.5) (end -0.5 -1) (layer F.Fab) (width 0.1))
    (fp_line (start -1 5) (end -1 -0.5) (layer F.Fab) (width 0.1))
    (fp_line (start 1 5) (end -1 5) (layer F.Fab) (width 0.1))
    (fp_line (start 1 -1) (end 1 5) (layer F.Fab) (width 0.1))
    (fp_line (start -0.5 -1) (end 1 -1) (layer F.Fab) (width 0.1))
    (fp_text user %R (at 0 2 90) (layer F.Fab) hide
      (effects (font (size 1 1) (thickness 0.15)))
    )
    (pad 3 thru_hole oval (at 0 4 180) (size 1.35 1.35) (drill 0.8) (layers *.Cu *.Mask))
    (pad 2 thru_hole oval (at 0 2 180) (size 1.35 1.35) (drill 0.8) (layers *.Cu *.Mask))
    (pad 1 thru_hole rect (at 0 0 180) (size 1.35 1.35) (drill 0.8) (layers *.Cu *.Mask))
    (model ${KISYS3DMOD}/Connector_PinHeader_2.00mm.3dshapes/PinHeader_1x03_P2.00mm_Vertical.wrl
      (at (xyz 0 0 0))
      (scale (xyz 1 1 1))
      (rotate (xyz 0 0 0))
    )
  )

  (module LED_THT:LED_D4.0mm (layer F.Cu) (tedit 587A3A7B) (tstamp 5F403A21)
    (at 352.04146 163.91636 90)
    (descr "LED, diameter 4.0mm, 2 pins, http://www.kingbright.com/attachments/file/psearch/000/00/00/L-43GD(Ver.12B).pdf")
    (tags "LED diameter 4.0mm 2 pins")
    (fp_text reference REF** (at 22.94382 -0.56134 90) (layer F.SilkS) hide
      (effects (font (size 1 1) (thickness 0.15)))
    )
    (fp_text value LED_D4.0mm (at 17.58696 13.56106 90) (layer F.Fab) hide
      (effects (font (size 1 1) (thickness 0.15)))
    )
    (fp_line (start 4 -2.75) (end -1.45 -2.75) (layer F.CrtYd) (width 0.05))
    (fp_line (start 4 2.75) (end 4 -2.75) (layer F.CrtYd) (width 0.05))
    (fp_line (start -1.45 2.75) (end 4 2.75) (layer F.CrtYd) (width 0.05))
    (fp_line (start -1.45 -2.75) (end -1.45 2.75) (layer F.CrtYd) (width 0.05))
    (fp_line (start -0.79 1.08) (end -0.79 1.399) (layer F.SilkS) (width 0.12))
    (fp_line (start -0.79 -1.399) (end -0.79 -1.08) (layer F.SilkS) (width 0.12))
    (fp_line (start -0.73 -1.32665) (end -0.73 1.32665) (layer F.Fab) (width 0.1))
    (fp_circle (center 1.27 0) (end 3.27 0) (layer F.Fab) (width 0.1))
    (fp_arc (start 1.27 0) (end -0.41333 1.08) (angle -114.6) (layer F.SilkS) (width 0.12))
    (fp_arc (start 1.27 0) (end -0.41333 -1.08) (angle 114.6) (layer F.SilkS) (width 0.12))
    (fp_arc (start 1.27 0) (end -0.79 1.398749) (angle -120.1) (layer F.SilkS) (width 0.12))
    (fp_arc (start 1.27 0) (end -0.79 -1.398749) (angle 120.1) (layer F.SilkS) (width 0.12))
    (fp_arc (start 1.27 0) (end -0.73 -1.32665) (angle 292.9) (layer F.Fab) (width 0.1))
    (pad 2 thru_hole circle (at 2.54 0 90) (size 1.8 1.8) (drill 0.9) (layers *.Cu *.Mask))
    (pad 1 thru_hole rect (at 0 0 90) (size 1.8 1.8) (drill 0.9) (layers *.Cu *.Mask))
    (model ${KISYS3DMOD}/LED_THT.3dshapes/LED_D4.0mm.wrl
      (at (xyz 0 0 0))
      (scale (xyz 1 1 1))
      (rotate (xyz 0 0 0))
    )
  )

  (module LED_THT:LED_D4.0mm (layer F.Cu) (tedit 587A3A7B) (tstamp 5F403993)
    (at 348.09938 33.72358 180)
    (descr "LED, diameter 4.0mm, 2 pins, http://www.kingbright.com/attachments/file/psearch/000/00/00/L-43GD(Ver.12B).pdf")
    (tags "LED diameter 4.0mm 2 pins")
    (fp_text reference REF** (at 22.94382 -0.56134) (layer F.SilkS) hide
      (effects (font (size 1 1) (thickness 0.15)))
    )
    (fp_text value LED_D4.0mm (at 17.58696 13.56106) (layer F.Fab) hide
      (effects (font (size 1 1) (thickness 0.15)))
    )
    (fp_arc (start 1.27 0) (end -0.73 -1.32665) (angle 292.9) (layer F.Fab) (width 0.1))
    (fp_arc (start 1.27 0) (end -0.79 -1.398749) (angle 120.1) (layer F.SilkS) (width 0.12))
    (fp_arc (start 1.27 0) (end -0.79 1.398749) (angle -120.1) (layer F.SilkS) (width 0.12))
    (fp_arc (start 1.27 0) (end -0.41333 -1.08) (angle 114.6) (layer F.SilkS) (width 0.12))
    (fp_arc (start 1.27 0) (end -0.41333 1.08) (angle -114.6) (layer F.SilkS) (width 0.12))
    (fp_circle (center 1.27 0) (end 3.27 0) (layer F.Fab) (width 0.1))
    (fp_line (start -0.73 -1.32665) (end -0.73 1.32665) (layer F.Fab) (width 0.1))
    (fp_line (start -0.79 -1.399) (end -0.79 -1.08) (layer F.SilkS) (width 0.12))
    (fp_line (start -0.79 1.08) (end -0.79 1.399) (layer F.SilkS) (width 0.12))
    (fp_line (start -1.45 -2.75) (end -1.45 2.75) (layer F.CrtYd) (width 0.05))
    (fp_line (start -1.45 2.75) (end 4 2.75) (layer F.CrtYd) (width 0.05))
    (fp_line (start 4 2.75) (end 4 -2.75) (layer F.CrtYd) (width 0.05))
    (fp_line (start 4 -2.75) (end -1.45 -2.75) (layer F.CrtYd) (width 0.05))
    (pad 1 thru_hole rect (at 0 0 180) (size 1.8 1.8) (drill 0.9) (layers *.Cu *.Mask))
    (pad 2 thru_hole circle (at 2.54 0 180) (size 1.8 1.8) (drill 0.9) (layers *.Cu *.Mask))
    (model ${KISYS3DMOD}/LED_THT.3dshapes/LED_D4.0mm.wrl
      (at (xyz 0 0 0))
      (scale (xyz 1 1 1))
      (rotate (xyz 0 0 0))
    )
  )

  (module Connector_PinHeader_2.00mm:PinHeader_1x03_P2.00mm_Vertical (layer F.Cu) (tedit 59FED667) (tstamp 5F40397D)
    (at 350.23044 41.09466 270)
    (descr "Through hole straight pin header, 1x03, 2.00mm pitch, single row")
    (tags "Through hole pin header THT 1x03 2.00mm single row")
    (fp_text reference REF** (at -0.94996 23.22322 90) (layer F.SilkS) hide
      (effects (font (size 1 1) (thickness 0.15)))
    )
    (fp_text value PinHeader_1x03_P2.00mm_Vertical (at -3.34772 17.8181 90) (layer F.Fab) hide
      (effects (font (size 1 1) (thickness 0.15)))
    )
    (fp_text user %R (at 0 2) (layer F.Fab) hide
      (effects (font (size 1 1) (thickness 0.15)))
    )
    (fp_line (start -0.5 -1) (end 1 -1) (layer F.Fab) (width 0.1))
    (fp_line (start 1 -1) (end 1 5) (layer F.Fab) (width 0.1))
    (fp_line (start 1 5) (end -1 5) (layer F.Fab) (width 0.1))
    (fp_line (start -1 5) (end -1 -0.5) (layer F.Fab) (width 0.1))
    (fp_line (start -1 -0.5) (end -0.5 -1) (layer F.Fab) (width 0.1))
    (fp_line (start -1.06 5.06) (end 1.06 5.06) (layer F.SilkS) (width 0.12))
    (fp_line (start -1.06 1) (end -1.06 5.06) (layer F.SilkS) (width 0.12))
    (fp_line (start 1.06 1) (end 1.06 5.06) (layer F.SilkS) (width 0.12))
    (fp_line (start -1.06 1) (end 1.06 1) (layer F.SilkS) (width 0.12))
    (fp_line (start -1.06 0) (end -1.06 -1.06) (layer F.SilkS) (width 0.12))
    (fp_line (start -1.06 -1.06) (end 0 -1.06) (layer F.SilkS) (width 0.12))
    (fp_line (start -1.5 -1.5) (end -1.5 5.5) (layer F.CrtYd) (width 0.05))
    (fp_line (start -1.5 5.5) (end 1.5 5.5) (layer F.CrtYd) (width 0.05))
    (fp_line (start 1.5 5.5) (end 1.5 -1.5) (layer F.CrtYd) (width 0.05))
    (fp_line (start 1.5 -1.5) (end -1.5 -1.5) (layer F.CrtYd) (width 0.05))
    (pad 1 thru_hole rect (at 0 0 270) (size 1.35 1.35) (drill 0.8) (layers *.Cu *.Mask))
    (pad 2 thru_hole oval (at 0 2 270) (size 1.35 1.35) (drill 0.8) (layers *.Cu *.Mask))
    (pad 3 thru_hole oval (at 0 4 270) (size 1.35 1.35) (drill 0.8) (layers *.Cu *.Mask))
    (model ${KISYS3DMOD}/Connector_PinHeader_2.00mm.3dshapes/PinHeader_1x03_P2.00mm_Vertical.wrl
      (at (xyz 0 0 0))
      (scale (xyz 1 1 1))
      (rotate (xyz 0 0 0))
    )
  )

  (module Connector_PinHeader_2.00mm:PinHeader_1x03_P2.00mm_Vertical (layer F.Cu) (tedit 59FED667) (tstamp 5F403967)
    (at 350.03232 23.64486 270)
    (descr "Through hole straight pin header, 1x03, 2.00mm pitch, single row")
    (tags "Through hole pin header THT 1x03 2.00mm single row")
    (fp_text reference "" (at -1.35128 23.71344 90) (layer F.SilkS) hide
      (effects (font (size 1 1) (thickness 0.15)))
    )
    (fp_text value PinHeader_1x03_P2.00mm_Vertical (at 2.29108 15.70228 90) (layer F.Fab) hide
      (effects (font (size 1 1) (thickness 0.15)))
    )
    (fp_text user %R (at 0 2) (layer F.Fab) hide
      (effects (font (size 1 1) (thickness 0.15)))
    )
    (fp_line (start -0.5 -1) (end 1 -1) (layer F.Fab) (width 0.1))
    (fp_line (start 1 -1) (end 1 5) (layer F.Fab) (width 0.1))
    (fp_line (start 1 5) (end -1 5) (layer F.Fab) (width 0.1))
    (fp_line (start -1 5) (end -1 -0.5) (layer F.Fab) (width 0.1))
    (fp_line (start -1 -0.5) (end -0.5 -1) (layer F.Fab) (width 0.1))
    (fp_line (start -1.06 5.06) (end 1.06 5.06) (layer F.SilkS) (width 0.12))
    (fp_line (start -1.06 1) (end -1.06 5.06) (layer F.SilkS) (width 0.12))
    (fp_line (start 1.06 1) (end 1.06 5.06) (layer F.SilkS) (width 0.12))
    (fp_line (start -1.06 1) (end 1.06 1) (layer F.SilkS) (width 0.12))
    (fp_line (start -1.06 0) (end -1.06 -1.06) (layer F.SilkS) (width 0.12))
    (fp_line (start -1.06 -1.06) (end 0 -1.06) (layer F.SilkS) (width 0.12))
    (fp_line (start -1.5 -1.5) (end -1.5 5.5) (layer F.CrtYd) (width 0.05))
    (fp_line (start -1.5 5.5) (end 1.5 5.5) (layer F.CrtYd) (width 0.05))
    (fp_line (start 1.5 5.5) (end 1.5 -1.5) (layer F.CrtYd) (width 0.05))
    (fp_line (start 1.5 -1.5) (end -1.5 -1.5) (layer F.CrtYd) (width 0.05))
    (pad 1 thru_hole rect (at 0 0 270) (size 1.35 1.35) (drill 0.8) (layers *.Cu *.Mask))
    (pad 2 thru_hole oval (at 0 2 270) (size 1.35 1.35) (drill 0.8) (layers *.Cu *.Mask))
    (pad 3 thru_hole oval (at 0 4 270) (size 1.35 1.35) (drill 0.8) (layers *.Cu *.Mask))
    (model ${KISYS3DMOD}/Connector_PinHeader_2.00mm.3dshapes/PinHeader_1x03_P2.00mm_Vertical.wrl
      (at (xyz 0 0 0))
      (scale (xyz 1 1 1))
      (rotate (xyz 0 0 0))
    )
  )

  (module LED_THT:LED_D4.0mm (layer F.Cu) (tedit 587A3A7B) (tstamp 5F4036FC)
    (at 289.052 35.37204 180)
    (descr "LED, diameter 4.0mm, 2 pins, http://www.kingbright.com/attachments/file/psearch/000/00/00/L-43GD(Ver.12B).pdf")
    (tags "LED diameter 4.0mm 2 pins")
    (fp_text reference REF** (at 22.94382 -0.56134) (layer F.SilkS) hide
      (effects (font (size 1 1) (thickness 0.15)))
    )
    (fp_text value LED_D4.0mm (at 17.58696 13.56106) (layer F.Fab) hide
      (effects (font (size 1 1) (thickness 0.15)))
    )
    (fp_line (start 4 -2.75) (end -1.45 -2.75) (layer F.CrtYd) (width 0.05))
    (fp_line (start 4 2.75) (end 4 -2.75) (layer F.CrtYd) (width 0.05))
    (fp_line (start -1.45 2.75) (end 4 2.75) (layer F.CrtYd) (width 0.05))
    (fp_line (start -1.45 -2.75) (end -1.45 2.75) (layer F.CrtYd) (width 0.05))
    (fp_line (start -0.79 1.08) (end -0.79 1.399) (layer F.SilkS) (width 0.12))
    (fp_line (start -0.79 -1.399) (end -0.79 -1.08) (layer F.SilkS) (width 0.12))
    (fp_line (start -0.73 -1.32665) (end -0.73 1.32665) (layer F.Fab) (width 0.1))
    (fp_circle (center 1.27 0) (end 3.27 0) (layer F.Fab) (width 0.1))
    (fp_arc (start 1.27 0) (end -0.41333 1.08) (angle -114.6) (layer F.SilkS) (width 0.12))
    (fp_arc (start 1.27 0) (end -0.41333 -1.08) (angle 114.6) (layer F.SilkS) (width 0.12))
    (fp_arc (start 1.27 0) (end -0.79 1.398749) (angle -120.1) (layer F.SilkS) (width 0.12))
    (fp_arc (start 1.27 0) (end -0.79 -1.398749) (angle 120.1) (layer F.SilkS) (width 0.12))
    (fp_arc (start 1.27 0) (end -0.73 -1.32665) (angle 292.9) (layer F.Fab) (width 0.1))
    (pad 2 thru_hole circle (at 2.54 0 180) (size 1.8 1.8) (drill 0.9) (layers *.Cu *.Mask))
    (pad 1 thru_hole rect (at 0 0 180) (size 1.8 1.8) (drill 0.9) (layers *.Cu *.Mask))
    (model ${KISYS3DMOD}/LED_THT.3dshapes/LED_D4.0mm.wrl
      (at (xyz 0 0 0))
      (scale (xyz 1 1 1))
      (rotate (xyz 0 0 0))
    )
  )

  (module Connector_PinHeader_2.00mm:PinHeader_1x03_P2.00mm_Vertical (layer F.Cu) (tedit 59FED667) (tstamp 5F4036E6)
    (at 290.98494 25.29332 270)
    (descr "Through hole straight pin header, 1x03, 2.00mm pitch, single row")
    (tags "Through hole pin header THT 1x03 2.00mm single row")
    (fp_text reference "" (at -1.35128 23.71344 90) (layer F.SilkS) hide
      (effects (font (size 1 1) (thickness 0.15)))
    )
    (fp_text value PinHeader_1x03_P2.00mm_Vertical (at 2.29108 15.70228 90) (layer F.Fab) hide
      (effects (font (size 1 1) (thickness 0.15)))
    )
    (fp_line (start 1.5 -1.5) (end -1.5 -1.5) (layer F.CrtYd) (width 0.05))
    (fp_line (start 1.5 5.5) (end 1.5 -1.5) (layer F.CrtYd) (width 0.05))
    (fp_line (start -1.5 5.5) (end 1.5 5.5) (layer F.CrtYd) (width 0.05))
    (fp_line (start -1.5 -1.5) (end -1.5 5.5) (layer F.CrtYd) (width 0.05))
    (fp_line (start -1.06 -1.06) (end 0 -1.06) (layer F.SilkS) (width 0.12))
    (fp_line (start -1.06 0) (end -1.06 -1.06) (layer F.SilkS) (width 0.12))
    (fp_line (start -1.06 1) (end 1.06 1) (layer F.SilkS) (width 0.12))
    (fp_line (start 1.06 1) (end 1.06 5.06) (layer F.SilkS) (width 0.12))
    (fp_line (start -1.06 1) (end -1.06 5.06) (layer F.SilkS) (width 0.12))
    (fp_line (start -1.06 5.06) (end 1.06 5.06) (layer F.SilkS) (width 0.12))
    (fp_line (start -1 -0.5) (end -0.5 -1) (layer F.Fab) (width 0.1))
    (fp_line (start -1 5) (end -1 -0.5) (layer F.Fab) (width 0.1))
    (fp_line (start 1 5) (end -1 5) (layer F.Fab) (width 0.1))
    (fp_line (start 1 -1) (end 1 5) (layer F.Fab) (width 0.1))
    (fp_line (start -0.5 -1) (end 1 -1) (layer F.Fab) (width 0.1))
    (fp_text user %R (at 0 2) (layer F.Fab) hide
      (effects (font (size 1 1) (thickness 0.15)))
    )
    (pad 3 thru_hole oval (at 0 4 270) (size 1.35 1.35) (drill 0.8) (layers *.Cu *.Mask))
    (pad 2 thru_hole oval (at 0 2 270) (size 1.35 1.35) (drill 0.8) (layers *.Cu *.Mask))
    (pad 1 thru_hole rect (at 0 0 270) (size 1.35 1.35) (drill 0.8) (layers *.Cu *.Mask))
    (model ${KISYS3DMOD}/Connector_PinHeader_2.00mm.3dshapes/PinHeader_1x03_P2.00mm_Vertical.wrl
      (at (xyz 0 0 0))
      (scale (xyz 1 1 1))
      (rotate (xyz 0 0 0))
    )
  )

  (module Connector_PinHeader_2.00mm:PinHeader_1x03_P2.00mm_Vertical (layer F.Cu) (tedit 59FED667) (tstamp 5F4036D0)
    (at 291.18306 42.74312 270)
    (descr "Through hole straight pin header, 1x03, 2.00mm pitch, single row")
    (tags "Through hole pin header THT 1x03 2.00mm single row")
    (fp_text reference REF** (at -0.94996 23.22322 90) (layer F.SilkS) hide
      (effects (font (size 1 1) (thickness 0.15)))
    )
    (fp_text value PinHeader_1x03_P2.00mm_Vertical (at -3.34772 17.8181 90) (layer F.Fab) hide
      (effects (font (size 1 1) (thickness 0.15)))
    )
    (fp_line (start 1.5 -1.5) (end -1.5 -1.5) (layer F.CrtYd) (width 0.05))
    (fp_line (start 1.5 5.5) (end 1.5 -1.5) (layer F.CrtYd) (width 0.05))
    (fp_line (start -1.5 5.5) (end 1.5 5.5) (layer F.CrtYd) (width 0.05))
    (fp_line (start -1.5 -1.5) (end -1.5 5.5) (layer F.CrtYd) (width 0.05))
    (fp_line (start -1.06 -1.06) (end 0 -1.06) (layer F.SilkS) (width 0.12))
    (fp_line (start -1.06 0) (end -1.06 -1.06) (layer F.SilkS) (width 0.12))
    (fp_line (start -1.06 1) (end 1.06 1) (layer F.SilkS) (width 0.12))
    (fp_line (start 1.06 1) (end 1.06 5.06) (layer F.SilkS) (width 0.12))
    (fp_line (start -1.06 1) (end -1.06 5.06) (layer F.SilkS) (width 0.12))
    (fp_line (start -1.06 5.06) (end 1.06 5.06) (layer F.SilkS) (width 0.12))
    (fp_line (start -1 -0.5) (end -0.5 -1) (layer F.Fab) (width 0.1))
    (fp_line (start -1 5) (end -1 -0.5) (layer F.Fab) (width 0.1))
    (fp_line (start 1 5) (end -1 5) (layer F.Fab) (width 0.1))
    (fp_line (start 1 -1) (end 1 5) (layer F.Fab) (width 0.1))
    (fp_line (start -0.5 -1) (end 1 -1) (layer F.Fab) (width 0.1))
    (fp_text user %R (at 0 2) (layer F.Fab) hide
      (effects (font (size 1 1) (thickness 0.15)))
    )
    (pad 3 thru_hole oval (at 0 4 270) (size 1.35 1.35) (drill 0.8) (layers *.Cu *.Mask))
    (pad 2 thru_hole oval (at 0 2 270) (size 1.35 1.35) (drill 0.8) (layers *.Cu *.Mask))
    (pad 1 thru_hole rect (at 0 0 270) (size 1.35 1.35) (drill 0.8) (layers *.Cu *.Mask))
    (model ${KISYS3DMOD}/Connector_PinHeader_2.00mm.3dshapes/PinHeader_1x03_P2.00mm_Vertical.wrl
      (at (xyz 0 0 0))
      (scale (xyz 1 1 1))
      (rotate (xyz 0 0 0))
    )
  )

  (module Connector_PinHeader_2.00mm:PinHeader_1x03_P2.00mm_Vertical (layer F.Cu) (tedit 59FED667) (tstamp 5F401707)
    (at 133.68782 168.68394)
    (descr "Through hole straight pin header, 1x03, 2.00mm pitch, single row")
    (tags "Through hole pin header THT 1x03 2.00mm single row")
    (fp_text reference REF** (at -0.94996 23.22322) (layer F.SilkS) hide
      (effects (font (size 1 1) (thickness 0.15)))
    )
    (fp_text value PinHeader_1x03_P2.00mm_Vertical (at -3.34772 17.8181) (layer F.Fab) hide
      (effects (font (size 1 1) (thickness 0.15)))
    )
    (fp_text user %R (at 0 2 90) (layer F.Fab) hide
      (effects (font (size 1 1) (thickness 0.15)))
    )
    (fp_line (start -0.5 -1) (end 1 -1) (layer F.Fab) (width 0.1))
    (fp_line (start 1 -1) (end 1 5) (layer F.Fab) (width 0.1))
    (fp_line (start 1 5) (end -1 5) (layer F.Fab) (width 0.1))
    (fp_line (start -1 5) (end -1 -0.5) (layer F.Fab) (width 0.1))
    (fp_line (start -1 -0.5) (end -0.5 -1) (layer F.Fab) (width 0.1))
    (fp_line (start -1.06 5.06) (end 1.06 5.06) (layer F.SilkS) (width 0.12))
    (fp_line (start -1.06 1) (end -1.06 5.06) (layer F.SilkS) (width 0.12))
    (fp_line (start 1.06 1) (end 1.06 5.06) (layer F.SilkS) (width 0.12))
    (fp_line (start -1.06 1) (end 1.06 1) (layer F.SilkS) (width 0.12))
    (fp_line (start -1.06 0) (end -1.06 -1.06) (layer F.SilkS) (width 0.12))
    (fp_line (start -1.06 -1.06) (end 0 -1.06) (layer F.SilkS) (width 0.12))
    (fp_line (start -1.5 -1.5) (end -1.5 5.5) (layer F.CrtYd) (width 0.05))
    (fp_line (start -1.5 5.5) (end 1.5 5.5) (layer F.CrtYd) (width 0.05))
    (fp_line (start 1.5 5.5) (end 1.5 -1.5) (layer F.CrtYd) (width 0.05))
    (fp_line (start 1.5 -1.5) (end -1.5 -1.5) (layer F.CrtYd) (width 0.05))
    (pad 1 thru_hole rect (at 0 0) (size 1.35 1.35) (drill 0.8) (layers *.Cu *.Mask))
    (pad 2 thru_hole oval (at 0 2) (size 1.35 1.35) (drill 0.8) (layers *.Cu *.Mask))
    (pad 3 thru_hole oval (at 0 4) (size 1.35 1.35) (drill 0.8) (layers *.Cu *.Mask))
    (model ${KISYS3DMOD}/Connector_PinHeader_2.00mm.3dshapes/PinHeader_1x03_P2.00mm_Vertical.wrl
      (at (xyz 0 0 0))
      (scale (xyz 1 1 1))
      (rotate (xyz 0 0 0))
    )
  )

  (module LED_THT:LED_D4.0mm (layer F.Cu) (tedit 587A3A7B) (tstamp 5F4016F5)
    (at 126.31674 170.815 270)
    (descr "LED, diameter 4.0mm, 2 pins, http://www.kingbright.com/attachments/file/psearch/000/00/00/L-43GD(Ver.12B).pdf")
    (tags "LED diameter 4.0mm 2 pins")
    (fp_text reference REF** (at 22.94382 -0.56134 90) (layer F.SilkS) hide
      (effects (font (size 1 1) (thickness 0.15)))
    )
    (fp_text value LED_D4.0mm (at 17.58696 13.56106 90) (layer F.Fab) hide
      (effects (font (size 1 1) (thickness 0.15)))
    )
    (fp_arc (start 1.27 0) (end -0.73 -1.32665) (angle 292.9) (layer F.Fab) (width 0.1))
    (fp_arc (start 1.27 0) (end -0.79 -1.398749) (angle 120.1) (layer F.SilkS) (width 0.12))
    (fp_arc (start 1.27 0) (end -0.79 1.398749) (angle -120.1) (layer F.SilkS) (width 0.12))
    (fp_arc (start 1.27 0) (end -0.41333 -1.08) (angle 114.6) (layer F.SilkS) (width 0.12))
    (fp_arc (start 1.27 0) (end -0.41333 1.08) (angle -114.6) (layer F.SilkS) (width 0.12))
    (fp_circle (center 1.27 0) (end 3.27 0) (layer F.Fab) (width 0.1))
    (fp_line (start -0.73 -1.32665) (end -0.73 1.32665) (layer F.Fab) (width 0.1))
    (fp_line (start -0.79 -1.399) (end -0.79 -1.08) (layer F.SilkS) (width 0.12))
    (fp_line (start -0.79 1.08) (end -0.79 1.399) (layer F.SilkS) (width 0.12))
    (fp_line (start -1.45 -2.75) (end -1.45 2.75) (layer F.CrtYd) (width 0.05))
    (fp_line (start -1.45 2.75) (end 4 2.75) (layer F.CrtYd) (width 0.05))
    (fp_line (start 4 2.75) (end 4 -2.75) (layer F.CrtYd) (width 0.05))
    (fp_line (start 4 -2.75) (end -1.45 -2.75) (layer F.CrtYd) (width 0.05))
    (pad 1 thru_hole rect (at 0 0 270) (size 1.8 1.8) (drill 0.9) (layers *.Cu *.Mask))
    (pad 2 thru_hole circle (at 2.54 0 270) (size 1.8 1.8) (drill 0.9) (layers *.Cu *.Mask))
    (model ${KISYS3DMOD}/LED_THT.3dshapes/LED_D4.0mm.wrl
      (at (xyz 0 0 0))
      (scale (xyz 1 1 1))
      (rotate (xyz 0 0 0))
    )
  )

  (module Connector_PinHeader_2.00mm:PinHeader_1x03_P2.00mm_Vertical (layer F.Cu) (tedit 59FED667) (tstamp 5F4016DF)
    (at 116.23802 168.88206)
    (descr "Through hole straight pin header, 1x03, 2.00mm pitch, single row")
    (tags "Through hole pin header THT 1x03 2.00mm single row")
    (fp_text reference "" (at -1.35128 23.71344) (layer F.SilkS) hide
      (effects (font (size 1 1) (thickness 0.15)))
    )
    (fp_text value PinHeader_1x03_P2.00mm_Vertical (at 2.29108 15.70228) (layer F.Fab) hide
      (effects (font (size 1 1) (thickness 0.15)))
    )
    (fp_text user %R (at 0 2 90) (layer F.Fab) hide
      (effects (font (size 1 1) (thickness 0.15)))
    )
    (fp_line (start -0.5 -1) (end 1 -1) (layer F.Fab) (width 0.1))
    (fp_line (start 1 -1) (end 1 5) (layer F.Fab) (width 0.1))
    (fp_line (start 1 5) (end -1 5) (layer F.Fab) (width 0.1))
    (fp_line (start -1 5) (end -1 -0.5) (layer F.Fab) (width 0.1))
    (fp_line (start -1 -0.5) (end -0.5 -1) (layer F.Fab) (width 0.1))
    (fp_line (start -1.06 5.06) (end 1.06 5.06) (layer F.SilkS) (width 0.12))
    (fp_line (start -1.06 1) (end -1.06 5.06) (layer F.SilkS) (width 0.12))
    (fp_line (start 1.06 1) (end 1.06 5.06) (layer F.SilkS) (width 0.12))
    (fp_line (start -1.06 1) (end 1.06 1) (layer F.SilkS) (width 0.12))
    (fp_line (start -1.06 0) (end -1.06 -1.06) (layer F.SilkS) (width 0.12))
    (fp_line (start -1.06 -1.06) (end 0 -1.06) (layer F.SilkS) (width 0.12))
    (fp_line (start -1.5 -1.5) (end -1.5 5.5) (layer F.CrtYd) (width 0.05))
    (fp_line (start -1.5 5.5) (end 1.5 5.5) (layer F.CrtYd) (width 0.05))
    (fp_line (start 1.5 5.5) (end 1.5 -1.5) (layer F.CrtYd) (width 0.05))
    (fp_line (start 1.5 -1.5) (end -1.5 -1.5) (layer F.CrtYd) (width 0.05))
    (pad 1 thru_hole rect (at 0 0) (size 1.35 1.35) (drill 0.8) (layers *.Cu *.Mask))
    (pad 2 thru_hole oval (at 0 2) (size 1.35 1.35) (drill 0.8) (layers *.Cu *.Mask))
    (pad 3 thru_hole oval (at 0 4) (size 1.35 1.35) (drill 0.8) (layers *.Cu *.Mask))
    (model ${KISYS3DMOD}/Connector_PinHeader_2.00mm.3dshapes/PinHeader_1x03_P2.00mm_Vertical.wrl
      (at (xyz 0 0 0))
      (scale (xyz 1 1 1))
      (rotate (xyz 0 0 0))
    )
  )

  (module LED_THT:LED_D4.0mm (layer F.Cu) (tedit 587A3A7B) (tstamp 5F42CD9F)
    (at 125.28296 117.92458 270)
    (descr "LED, diameter 4.0mm, 2 pins, http://www.kingbright.com/attachments/file/psearch/000/00/00/L-43GD(Ver.12B).pdf")
    (tags "LED diameter 4.0mm 2 pins")
    (fp_text reference REF** (at 22.94382 -0.56134 90) (layer F.SilkS) hide
      (effects (font (size 1 1) (thickness 0.15)))
    )
    (fp_text value LED_D4.0mm (at 17.58696 13.56106 90) (layer F.Fab) hide
      (effects (font (size 1 1) (thickness 0.15)))
    )
    (fp_line (start 4 -2.75) (end -1.45 -2.75) (layer F.CrtYd) (width 0.05))
    (fp_line (start 4 2.75) (end 4 -2.75) (layer F.CrtYd) (width 0.05))
    (fp_line (start -1.45 2.75) (end 4 2.75) (layer F.CrtYd) (width 0.05))
    (fp_line (start -1.45 -2.75) (end -1.45 2.75) (layer F.CrtYd) (width 0.05))
    (fp_line (start -0.79 1.08) (end -0.79 1.399) (layer F.SilkS) (width 0.12))
    (fp_line (start -0.79 -1.399) (end -0.79 -1.08) (layer F.SilkS) (width 0.12))
    (fp_line (start -0.73 -1.32665) (end -0.73 1.32665) (layer F.Fab) (width 0.1))
    (fp_circle (center 1.27 0) (end 3.27 0) (layer F.Fab) (width 0.1))
    (fp_arc (start 1.27 0) (end -0.41333 1.08) (angle -114.6) (layer F.SilkS) (width 0.12))
    (fp_arc (start 1.27 0) (end -0.41333 -1.08) (angle 114.6) (layer F.SilkS) (width 0.12))
    (fp_arc (start 1.27 0) (end -0.79 1.398749) (angle -120.1) (layer F.SilkS) (width 0.12))
    (fp_arc (start 1.27 0) (end -0.79 -1.398749) (angle 120.1) (layer F.SilkS) (width 0.12))
    (fp_arc (start 1.27 0) (end -0.73 -1.32665) (angle 292.9) (layer F.Fab) (width 0.1))
    (pad 2 thru_hole circle (at 2.54 0 270) (size 1.8 1.8) (drill 0.9) (layers *.Cu *.Mask))
    (pad 1 thru_hole rect (at 0 0 270) (size 1.8 1.8) (drill 0.9) (layers *.Cu *.Mask))
    (model ${KISYS3DMOD}/LED_THT.3dshapes/LED_D4.0mm.wrl
      (at (xyz 0 0 0))
      (scale (xyz 1 1 1))
      (rotate (xyz 0 0 0))
    )
  )

  (module Connector_PinHeader_2.00mm:PinHeader_1x03_P2.00mm_Vertical (layer F.Cu) (tedit 59FED667) (tstamp 5F42CD89)
    (at 115.20424 115.99164)
    (descr "Through hole straight pin header, 1x03, 2.00mm pitch, single row")
    (tags "Through hole pin header THT 1x03 2.00mm single row")
    (fp_text reference "" (at -1.35128 23.71344) (layer F.SilkS) hide
      (effects (font (size 1 1) (thickness 0.15)))
    )
    (fp_text value PinHeader_1x03_P2.00mm_Vertical (at 2.29108 15.70228) (layer F.Fab) hide
      (effects (font (size 1 1) (thickness 0.15)))
    )
    (fp_line (start 1.5 -1.5) (end -1.5 -1.5) (layer F.CrtYd) (width 0.05))
    (fp_line (start 1.5 5.5) (end 1.5 -1.5) (layer F.CrtYd) (width 0.05))
    (fp_line (start -1.5 5.5) (end 1.5 5.5) (layer F.CrtYd) (width 0.05))
    (fp_line (start -1.5 -1.5) (end -1.5 5.5) (layer F.CrtYd) (width 0.05))
    (fp_line (start -1.06 -1.06) (end 0 -1.06) (layer F.SilkS) (width 0.12))
    (fp_line (start -1.06 0) (end -1.06 -1.06) (layer F.SilkS) (width 0.12))
    (fp_line (start -1.06 1) (end 1.06 1) (layer F.SilkS) (width 0.12))
    (fp_line (start 1.06 1) (end 1.06 5.06) (layer F.SilkS) (width 0.12))
    (fp_line (start -1.06 1) (end -1.06 5.06) (layer F.SilkS) (width 0.12))
    (fp_line (start -1.06 5.06) (end 1.06 5.06) (layer F.SilkS) (width 0.12))
    (fp_line (start -1 -0.5) (end -0.5 -1) (layer F.Fab) (width 0.1))
    (fp_line (start -1 5) (end -1 -0.5) (layer F.Fab) (width 0.1))
    (fp_line (start 1 5) (end -1 5) (layer F.Fab) (width 0.1))
    (fp_line (start 1 -1) (end 1 5) (layer F.Fab) (width 0.1))
    (fp_line (start -0.5 -1) (end 1 -1) (layer F.Fab) (width 0.1))
    (fp_text user %R (at 0 2 90) (layer F.Fab) hide
      (effects (font (size 1 1) (thickness 0.15)))
    )
    (pad 3 thru_hole oval (at 0 4) (size 1.35 1.35) (drill 0.8) (layers *.Cu *.Mask))
    (pad 2 thru_hole oval (at 0 2) (size 1.35 1.35) (drill 0.8) (layers *.Cu *.Mask))
    (pad 1 thru_hole rect (at 0 0) (size 1.35 1.35) (drill 0.8) (layers *.Cu *.Mask))
    (model ${KISYS3DMOD}/Connector_PinHeader_2.00mm.3dshapes/PinHeader_1x03_P2.00mm_Vertical.wrl
      (at (xyz 0 0 0))
      (scale (xyz 1 1 1))
      (rotate (xyz 0 0 0))
    )
  )

  (module Connector_PinHeader_2.00mm:PinHeader_1x03_P2.00mm_Vertical (layer F.Cu) (tedit 59FED667) (tstamp 5F42CD73)
    (at 132.65404 115.79352)
    (descr "Through hole straight pin header, 1x03, 2.00mm pitch, single row")
    (tags "Through hole pin header THT 1x03 2.00mm single row")
    (fp_text reference REF** (at -0.94996 23.22322) (layer F.SilkS) hide
      (effects (font (size 1 1) (thickness 0.15)))
    )
    (fp_text value PinHeader_1x03_P2.00mm_Vertical (at -3.34772 17.8181) (layer F.Fab) hide
      (effects (font (size 1 1) (thickness 0.15)))
    )
    (fp_line (start 1.5 -1.5) (end -1.5 -1.5) (layer F.CrtYd) (width 0.05))
    (fp_line (start 1.5 5.5) (end 1.5 -1.5) (layer F.CrtYd) (width 0.05))
    (fp_line (start -1.5 5.5) (end 1.5 5.5) (layer F.CrtYd) (width 0.05))
    (fp_line (start -1.5 -1.5) (end -1.5 5.5) (layer F.CrtYd) (width 0.05))
    (fp_line (start -1.06 -1.06) (end 0 -1.06) (layer F.SilkS) (width 0.12))
    (fp_line (start -1.06 0) (end -1.06 -1.06) (layer F.SilkS) (width 0.12))
    (fp_line (start -1.06 1) (end 1.06 1) (layer F.SilkS) (width 0.12))
    (fp_line (start 1.06 1) (end 1.06 5.06) (layer F.SilkS) (width 0.12))
    (fp_line (start -1.06 1) (end -1.06 5.06) (layer F.SilkS) (width 0.12))
    (fp_line (start -1.06 5.06) (end 1.06 5.06) (layer F.SilkS) (width 0.12))
    (fp_line (start -1 -0.5) (end -0.5 -1) (layer F.Fab) (width 0.1))
    (fp_line (start -1 5) (end -1 -0.5) (layer F.Fab) (width 0.1))
    (fp_line (start 1 5) (end -1 5) (layer F.Fab) (width 0.1))
    (fp_line (start 1 -1) (end 1 5) (layer F.Fab) (width 0.1))
    (fp_line (start -0.5 -1) (end 1 -1) (layer F.Fab) (width 0.1))
    (fp_text user %R (at 0 2 90) (layer F.Fab) hide
      (effects (font (size 1 1) (thickness 0.15)))
    )
    (pad 3 thru_hole oval (at 0 4) (size 1.35 1.35) (drill 0.8) (layers *.Cu *.Mask))
    (pad 2 thru_hole oval (at 0 2) (size 1.35 1.35) (drill 0.8) (layers *.Cu *.Mask))
    (pad 1 thru_hole rect (at 0 0) (size 1.35 1.35) (drill 0.8) (layers *.Cu *.Mask))
    (model ${KISYS3DMOD}/Connector_PinHeader_2.00mm.3dshapes/PinHeader_1x03_P2.00mm_Vertical.wrl
      (at (xyz 0 0 0))
      (scale (xyz 1 1 1))
      (rotate (xyz 0 0 0))
    )
  )

  (module Connector_PinHeader_2.00mm:PinHeader_1x03_P2.00mm_Vertical (layer F.Cu) (tedit 59FED667) (tstamp 5F42C176)
    (at 118.94058 30.51302)
    (descr "Through hole straight pin header, 1x03, 2.00mm pitch, single row")
    (tags "Through hole pin header THT 1x03 2.00mm single row")
    (fp_text reference Sinyal (at -39.77132 2.00914) (layer F.SilkS) hide
      (effects (font (size 1 1) (thickness 0.15)))
    )
    (fp_text value "ESC0 Giriş" (at -37.19068 4.8514 -90) (layer F.Fab) hide
      (effects (font (size 1 1) (thickness 0.15)))
    )
    (fp_line (start 1.5 -1.5) (end -1.5 -1.5) (layer F.CrtYd) (width 0.05))
    (fp_line (start 1.5 5.5) (end 1.5 -1.5) (layer F.CrtYd) (width 0.05))
    (fp_line (start -1.5 5.5) (end 1.5 5.5) (layer F.CrtYd) (width 0.05))
    (fp_line (start -1.5 -1.5) (end -1.5 5.5) (layer F.CrtYd) (width 0.05))
    (fp_line (start -1.06 -1.06) (end 0 -1.06) (layer F.SilkS) (width 0.12))
    (fp_line (start -1.06 0) (end -1.06 -1.06) (layer F.SilkS) (width 0.12))
    (fp_line (start -1.06 1) (end 1.06 1) (layer F.SilkS) (width 0.12))
    (fp_line (start 1.06 1) (end 1.06 5.06) (layer F.SilkS) (width 0.12))
    (fp_line (start -1.06 1) (end -1.06 5.06) (layer F.SilkS) (width 0.12))
    (fp_line (start -1.06 5.06) (end 1.06 5.06) (layer F.SilkS) (width 0.12))
    (fp_line (start -1 -0.5) (end -0.5 -1) (layer F.Fab) (width 0.1))
    (fp_line (start -1 5) (end -1 -0.5) (layer F.Fab) (width 0.1))
    (fp_line (start 1 5) (end -1 5) (layer F.Fab) (width 0.1))
    (fp_line (start 1 -1) (end 1 5) (layer F.Fab) (width 0.1))
    (fp_line (start -0.5 -1) (end 1 -1) (layer F.Fab) (width 0.1))
    (fp_text user %R (at -25.96896 6.3754 90) (layer F.Fab) hide
      (effects (font (size 1 1) (thickness 0.15)))
    )
    (pad 3 thru_hole oval (at 0 4) (size 1.35 1.35) (drill 0.8) (layers *.Cu *.Mask))
    (pad 2 thru_hole oval (at 0 2) (size 1.35 1.35) (drill 0.8) (layers *.Cu *.Mask))
    (pad 1 thru_hole rect (at 0 0) (size 1.35 1.35) (drill 0.8) (layers *.Cu *.Mask))
    (model ${KISYS3DMOD}/Connector_PinHeader_2.00mm.3dshapes/PinHeader_1x03_P2.00mm_Vertical.wrl
      (at (xyz 0 0 0))
      (scale (xyz 1 1 1))
      (rotate (xyz 0 0 0))
    )
  )

  (module Connector_PinHeader_2.00mm:PinHeader_1x03_P2.00mm_Vertical (layer F.Cu) (tedit 59FED667) (tstamp 5F42BBE2)
    (at 136.39038 30.3149)
    (descr "Through hole straight pin header, 1x03, 2.00mm pitch, single row")
    (tags "Through hole pin header THT 1x03 2.00mm single row")
    (fp_text reference Sinyal (at -41.2877 5.04952) (layer F.SilkS) hide
      (effects (font (size 1 1) (thickness 0.15)))
    )
    (fp_text value PinHeader_1x03_P2.00mm_Vertical (at -35.33648 10.34034) (layer F.Fab) hide
      (effects (font (size 1 1) (thickness 0.15)))
    )
    (fp_line (start 1.5 -1.5) (end -1.5 -1.5) (layer F.CrtYd) (width 0.05))
    (fp_line (start 1.5 5.5) (end 1.5 -1.5) (layer F.CrtYd) (width 0.05))
    (fp_line (start -1.5 5.5) (end 1.5 5.5) (layer F.CrtYd) (width 0.05))
    (fp_line (start -1.5 -1.5) (end -1.5 5.5) (layer F.CrtYd) (width 0.05))
    (fp_line (start -1.06 -1.06) (end 0 -1.06) (layer F.SilkS) (width 0.12))
    (fp_line (start -1.06 0) (end -1.06 -1.06) (layer F.SilkS) (width 0.12))
    (fp_line (start -1.06 1) (end 1.06 1) (layer F.SilkS) (width 0.12))
    (fp_line (start 1.06 1) (end 1.06 5.06) (layer F.SilkS) (width 0.12))
    (fp_line (start -1.06 1) (end -1.06 5.06) (layer F.SilkS) (width 0.12))
    (fp_line (start -1.06 5.06) (end 1.06 5.06) (layer F.SilkS) (width 0.12))
    (fp_line (start -1 -0.5) (end -0.5 -1) (layer F.Fab) (width 0.1))
    (fp_line (start -1 5) (end -1 -0.5) (layer F.Fab) (width 0.1))
    (fp_line (start 1 5) (end -1 5) (layer F.Fab) (width 0.1))
    (fp_line (start 1 -1) (end 1 5) (layer F.Fab) (width 0.1))
    (fp_line (start -0.5 -1) (end 1 -1) (layer F.Fab) (width 0.1))
    (fp_text user %R (at -37.42944 7.43458 90) (layer F.Fab) hide
      (effects (font (size 1 1) (thickness 0.15)))
    )
    (pad 3 thru_hole oval (at 0 4) (size 1.35 1.35) (drill 0.8) (layers *.Cu *.Mask))
    (pad 2 thru_hole oval (at 0 2) (size 1.35 1.35) (drill 0.8) (layers *.Cu *.Mask))
    (pad 1 thru_hole rect (at 0 0) (size 1.35 1.35) (drill 0.8) (layers *.Cu *.Mask))
    (model ${KISYS3DMOD}/Connector_PinHeader_2.00mm.3dshapes/PinHeader_1x03_P2.00mm_Vertical.wrl
      (at (xyz 0 0 0))
      (scale (xyz 1 1 1))
      (rotate (xyz 0 0 0))
    )
  )

  (module LED_THT:LED_D4.0mm (layer F.Cu) (tedit 587A3A7B) (tstamp 5F42BA25)
    (at 129.0193 32.44596 270)
    (descr "LED, diameter 4.0mm, 2 pins, http://www.kingbright.com/attachments/file/psearch/000/00/00/L-43GD(Ver.12B).pdf")
    (tags "LED diameter 4.0mm 2 pins")
    (fp_text reference REF** (at 3.50266 42.3545 90) (layer F.SilkS) hide
      (effects (font (size 1 1) (thickness 0.15)))
    )
    (fp_text value LED_D4.0mm (at 4.21386 34.62782 90) (layer F.Fab) hide
      (effects (font (size 1 1) (thickness 0.15)))
    )
    (fp_line (start 4 -2.75) (end -1.45 -2.75) (layer F.CrtYd) (width 0.05))
    (fp_line (start 4 2.75) (end 4 -2.75) (layer F.CrtYd) (width 0.05))
    (fp_line (start -1.45 2.75) (end 4 2.75) (layer F.CrtYd) (width 0.05))
    (fp_line (start -1.45 -2.75) (end -1.45 2.75) (layer F.CrtYd) (width 0.05))
    (fp_line (start -0.79 1.08) (end -0.79 1.399) (layer F.SilkS) (width 0.12))
    (fp_line (start -0.79 -1.399) (end -0.79 -1.08) (layer F.SilkS) (width 0.12))
    (fp_line (start -0.73 -1.32665) (end -0.73 1.32665) (layer F.Fab) (width 0.1))
    (fp_circle (center 1.27 0) (end 3.27 0) (layer F.Fab) (width 0.1))
    (fp_arc (start 1.27 0) (end -0.41333 1.08) (angle -114.6) (layer F.SilkS) (width 0.12))
    (fp_arc (start 1.27 0) (end -0.41333 -1.08) (angle 114.6) (layer F.SilkS) (width 0.12))
    (fp_arc (start 1.27 0) (end -0.79 1.398749) (angle -120.1) (layer F.SilkS) (width 0.12))
    (fp_arc (start 1.27 0) (end -0.79 -1.398749) (angle 120.1) (layer F.SilkS) (width 0.12))
